Add 1 1 220 236
Add 2 1 175 274
Add 3 0 282 334
Add 4 0 733 322
Add 5 1 3 195
Add 6 0 711 348
Add 7 1 445 228
Add 8 1 919 221
Add 9 1 566 298
Add 10 0 83 374
Add 11 1 768 264
Add 12 1 737 284
Add 13 0 799 337
Add 14 1 704 223
Add 15 0 332 337
Add 16 1 6 286
Add 17 1 866 275
Add 18 0 310 380
Add 19 0 10 367
Add 20 1 938 238
Add 21 1 353 289
Add 22 0 175 343
Add 23 0 305 309
Add 24 0 298 313
Add 25 1 634 285
Add 26 0 372 336
Add 27 1 985 265
Add 28 1 644 210
Add 29 0 379 314
Add 30 0 426 331
Add 31 0 215 390
Add 32 0 269 306
Add 33 0 569 303
Add 34 0 5 304
Add 35 1 957 287
Add 36 0 838 368
Add 37 1 43 216
Add 38 1 710 273
Add 39 0 728 363
Add 40 0 514 372
Add 41 0 935 386
Add 42 1 139 276
Add 43 0 448 329
Add 44 0 576 331
Add 45 1 148 282
Add 46 0 210 385
Add 47 0 269 337
Add 48 1 49 187
Add 49 0 731 311
Add 50 0 297 313
Add 51 0 885 331
Add 52 0 725 371
Add 53 0 129 370
Add 54 0 354 317
Add 55 0 623 347
Add 56 1 539 290
Add 57 1 908 250
Add 58 0 291 320
Add 59 0 651 325
Add 60 1 877 253
Add 61 0 48 320
Add 62 0 59 315
Add 63 1 249 264
Add 64 1 50 232
Add 65 0 779 333
Add 66 0 279 389
Add 67 0 333 350
Add 68 1 429 198
Add 69 1 362 210
Add 70 1 647 247
Add 71 0 595 316
Add 72 0 417 362
Add 73 1 537 232
Add 74 1 420 265
Add 75 1 992 280
Add 76 1 279 245
Add 77 1 36 247
Add 78 0 589 336
Add 79 1 633 273
Add 80 1 842 241
Add 81 0 735 319
Add 82 1 651 289
Add 83 1 531 277
Add 84 0 584 383
Add 85 0 519 413
Add 86 1 678 289
Add 87 1 24 280
Add 88 0 810 305
Add 89 0 95 328
Add 90 0 514 342
Add 91 0 439 326
Add 92 0 75 395
Add 93 1 468 263
Add 94 1 657 250
Add 95 0 722 321
Add 96 1 679 244
Add 97 0 738 331
Add 98 1 927 245
Add 99 0 124 329
Add 100 0 376 328
Add 101 0 752 318
Add 102 1 786 239
Add 103 1 576 296
Add 104 1 443 245
Add 105 1 755 231
Add 106 1 742 299
Add 107 0 700 302
Add 108 1 978 248
Add 109 0 493 302
Add 110 1 496 293
Add 111 0 851 338
Add 112 0 360 341
Add 113 0 704 327
Add 114 0 705 322
Add 115 1 921 161
Add 116 0 563 342
Add 117 0 877 327
Add 118 1 280 287
Add 119 1 412 239
Add 120 1 392 283
Add 121 1 563 178
Add 122 1 149 242
Add 123 0 413 306
Add 124 0 927 323
Add 125 0 593 308
Add 126 0 766 361
Add 127 1 44 242
Add 128 1 317 262
Add 129 1 200 299
Add 130 0 604 366
Add 131 1 592 267
Add 132 1 717 252
Add 133 0 3 396
Add 134 1 453 289
Add 135 1 973 253
Add 136 1 261 279
Add 137 1 524 279
Add 138 1 264 227
Add 139 0 299 334
Add 140 1 19 277
Add 141 1 34 284
Add 142 1 978 280
Add 143 1 138 283
Add 144 0 955 351
Add 145 0 286 320
Add 146 1 752 266
Add 147 1 450 204
Add 148 1 563 272
Add 149 0 136 307
Add 150 0 624 309
Add 151 1 889 205
Add 152 1 312 259
Add 153 0 577 307
Add 154 0 951 330
Add 155 0 562 380
Add 156 1 82 254
Add 157 0 234 342
Add 158 0 261 306
Add 159 0 594 330
Add 160 1 246 252
Add 161 0 282 309
Add 162 0 382 328
Add 163 1 349 296
Add 164 1 851 236
Add 165 1 724 298
Add 166 0 315 343
Add 167 0 829 360
Add 168 0 868 315
Add 169 0 547 360
Add 170 0 853 334
Add 171 0 476 325
Add 172 0 737 301
Add 173 0 503 304
Add 174 1 507 296
Add 175 0 671 349
Add 176 1 723 167
Add 177 0 336 367
Add 178 0 14 340
Add 179 1 667 282
Add 180 1 56 246
Add 181 1 484 238
Add 182 0 572 323
Add 183 1 528 260
Add 184 0 867 319
Add 185 1 990 275
Add 186 0 966 321
Add 187 0 825 385
Add 188 0 259 333
Add 189 1 298 287
Add 190 0 933 371
Add 191 1 118 289
Add 192 0 872 326
Add 193 0 581 308
Add 194 1 147 286
Add 195 1 670 287
Add 196 1 223 230
Add 197 1 905 242
Add 198 0 599 314
Add 199 1 133 242
Add 200 0 806 365
Add 201 0 790 318
Add 202 0 944 406
Add 203 1 627 298
Add 204 1 65 253
Add 205 1 218 258
Add 206 1 969 232
Add 207 0 610 412
Add 208 0 577 310
Add 209 1 394 225
Add 210 0 896 314
Add 211 0 566 316
Add 212 0 774 325
Add 213 0 467 364
Add 214 0 796 359
Add 215 1 824 269
Add 216 0 756 308
Add 217 0 352 330
Add 218 1 602 278
Add 219 1 131 267
Add 220 0 110 354
Add 221 0 935 323
Add 222 0 965 320
Add 223 1 763 276
Add 224 0 429 309
Add 225 0 941 334
Add 226 1 398 227
Add 227 1 291 217
Add 228 0 854 369
Add 229 1 761 272
Add 230 0 3 320
Add 231 0 196 388
Add 232 1 870 261
Add 233 1 540 267
Add 234 1 137 247
Add 235 0 761 329
Add 236 0 390 383
Add 237 1 40 272
Add 238 1 992 214
Add 239 1 849 223
Add 240 0 861 352
Add 241 0 684 328
Add 242 0 133 315
Add 243 0 87 373
Add 244 1 695 277
Add 245 1 470 267
Add 246 0 601 371
Add 247 0 157 348
Add 248 1 257 243
Add 249 1 911 293
Add 250 0 680 333
Add 251 0 707 318
Add 252 0 530 343
Add 253 1 346 279
Add 254 0 687 312
Add 255 1 554 280
Add 256 1 416 275
Add 257 0 211 420
Add 258 0 747 349
Add 259 0 923 308
Add 260 1 633 264
Add 261 1 980 187
Add 262 0 228 360
Add 263 1 629 273
Add 264 1 866 259
Add 265 0 654 349
Add 266 0 967 310
Add 267 0 782 348
Add 268 0 215 360
Add 269 1 572 204
Add 270 1 134 294
Add 271 0 625 340
Add 272 0 995 335
Add 273 1 878 267
Add 274 1 610 249
Add 275 1 964 264
Add 276 0 30 370
Add 277 1 303 245
Add 278 0 797 322
Add 279 0 349 309
Add 280 0 229 311
Add 281 0 385 329
Add 282 1 544 226
Add 283 0 802 301
Add 284 1 632 274
Add 285 0 188 373
Add 286 0 975 315
Add 287 1 906 222
Add 288 1 39 282
Add 289 0 462 304
Add 290 1 302 275
Add 291 1 904 263
Add 292 1 411 281
Add 293 0 766 324
Add 294 1 870 288
Add 295 1 54 233
Add 296 0 705 311
Add 297 1 402 293
Add 298 1 734 259
Add 299 1 385 297
Add 300 0 165 362
Add 301 0 534 311
Add 302 0 239 309
Add 303 1 139 287
Add 304 0 761 348
Add 305 1 942 266
Add 306 1 481 298
Add 307 1 116 257
Add 308 0 97 357
Add 309 1 78 236
Add 310 0 172 308
Add 311 0 104 349
Add 312 0 115 311
Add 313 0 626 349
Add 314 0 324 373
Add 315 1 54 292
Add 316 1 341 219
Add 317 0 898 322
Add 318 1 396 278
Add 319 0 551 315
Add 320 0 215 316
Add 321 0 390 361
Add 322 1 461 210
Add 323 0 502 318
Add 324 0 930 307
Add 325 0 556 304
Add 326 0 502 312
Add 327 1 124 296
Add 328 0 117 302
Add 329 0 183 345
Add 330 0 115 402
Add 331 1 934 268
Add 332 0 489 443
Add 333 0 602 321
Add 334 0 50 364
Add 335 0 887 318
Add 336 1 214 212
Add 337 0 808 311
Add 338 1 737 263
Add 339 1 61 298
Add 340 1 509 219
Add 341 1 978 238
Add 342 1 749 277
Add 343 0 158 340
Add 344 1 784 215
Add 345 1 8 212
Add 346 0 395 366
Add 347 1 500 256
Add 348 0 353 365
Add 349 0 216 411
Add 350 1 777 270
Add 351 0 162 352
Add 352 0 277 304
Add 353 1 291 237
Add 354 0 937 318
Add 355 1 640 270
Add 356 1 958 260
Add 357 0 123 339
Add 358 0 666 332
Add 359 0 858 302
Add 360 1 547 272
Add 361 0 557 318
Add 362 1 804 281
Add 363 0 367 309
Add 364 1 130 298
Add 365 0 291 343
Add 366 1 606 289
Add 367 1 845 258
Add 368 0 542 377
Add 369 0 341 337
Add 370 1 515 285
Add 371 1 647 286
Add 372 0 387 393
Add 373 0 439 369
Add 374 1 907 289
Add 375 1 97 230
Add 376 1 740 256
Add 377 1 511 199
Add 378 1 959 294
Add 379 0 394 325
Add 380 0 148 351
Add 381 1 475 280
Add 382 0 650 315
Add 383 0 640 303
Add 384 1 600 285
Add 385 0 436 335
Add 386 0 584 378
Add 387 1 404 293
Add 388 1 974 256
Add 389 0 863 335
Add 390 0 60 358
Add 391 1 626 293
Add 392 1 928 220
Add 393 1 129 290
Add 394 0 981 302
Add 395 1 140 295
Add 396 0 196 318
Add 397 0 175 367
Add 398 1 242 288
Add 399 1 447 258
Add 400 0 893 309
Add 401 0 985 315
Add 402 1 434 279
Add 403 0 671 375
Add 404 1 280 226
Add 405 0 314 309
Add 406 1 135 276
Add 407 0 82 372
Add 408 1 909 252
Add 409 1 594 287
Add 410 1 639 265
Add 411 1 157 276
Add 412 1 200 215
Add 413 0 780 304
Add 414 1 666 239
Add 415 1 472 211
Add 416 0 596 332
Add 417 0 584 315
Add 418 0 998 344
Add 419 1 788 191
Add 420 1 510 199
Add 421 1 290 290
Add 422 0 528 332
Add 423 1 33 245
Add 424 1 927 266
Add 425 0 632 315
Add 426 0 227 324
Add 427 0 286 301
Add 428 0 936 382
Add 429 0 822 327
Add 430 0 420 336
Add 431 1 857 250
Add 432 1 670 263
Add 433 1 212 211
Add 434 1 818 226
Add 435 0 709 361
Add 436 0 962 303
Add 437 0 512 337
Add 438 1 589 193
Add 439 0 185 306
Add 440 0 850 342
Add 441 0 759 342
Add 442 0 109 339
Add 443 1 899 259
Add 444 1 439 281
Add 445 0 881 331
Add 446 1 22 226
Add 447 0 462 450
Add 448 0 147 317
Add 449 0 170 328
Add 450 0 148 343
Add 451 1 139 253
Add 452 1 441 223
Add 453 0 958 346
Add 454 0 778 404
Add 455 0 109 321
Add 456 0 523 325
Add 457 1 156 250
Add 458 0 656 345
Add 459 1 745 267
Add 460 1 743 250
Add 461 0 169 334
Add 462 1 720 298
Add 463 1 49 293
Add 464 1 518 254
Add 465 0 223 330
Add 466 0 971 308
Add 467 1 690 218
Add 468 0 16 336
Add 469 0 449 319
Add 470 1 344 299
Add 471 1 87 221
Add 472 0 717 325
Add 473 0 625 353
Add 474 1 458 290
Add 475 1 991 261
Add 476 0 174 329
Add 477 1 593 264
Add 478 1 934 284
Add 479 0 495 330
Add 480 1 823 277
Add 481 1 888 279
Add 482 1 842 233
Add 483 1 207 268
Add 484 0 619 362
Add 485 1 8 189
Add 486 1 746 239
Add 487 0 111 318
Add 488 0 774 354
Add 489 0 975 373
Add 490 0 623 329
Add 491 0 145 329
Add 492 0 156 330
Add 493 1 396 279
Add 494 0 879 322
Add 495 1 742 262
Add 496 1 115 293
Add 497 1 985 266
Add 498 1 398 285
Add 499 0 351 348
Add 500 0 456 311
Add 501 1 452 251
Add 502 1 475 218
Add 503 0 836 303
Add 504 1 250 270
Add 505 1 953 247
Add 506 0 669 445
Add 507 1 712 273
Add 508 1 933 283
Add 509 0 424 342
Add 510 1 969 231
Add 511 0 2 317
Add 512 1 681 262
Add 513 0 136 334
Add 514 1 70 260
Add 515 1 267 265
Add 516 1 193 219
Add 517 1 909 288
Add 518 1 36 223
Add 519 1 464 285
Add 520 1 350 267
Add 521 0 401 311
Add 522 0 289 411
Add 523 0 645 349
Add 524 1 507 165
Add 525 0 831 365
Add 526 1 631 255
Add 527 1 43 235
Add 528 1 479 195
Add 529 0 852 370
Add 530 0 737 314
Add 531 0 472 357
Add 532 1 574 252
Add 533 0 400 390
Add 534 0 72 352
Add 535 0 587 318
Add 536 0 444 362
Add 537 0 222 316
Add 538 0 751 309
Add 539 1 452 275
Add 540 0 506 321
Add 541 0 172 429
Add 542 1 479 295
Add 543 1 822 224
Add 544 0 182 310
Add 545 0 635 345
Add 546 0 153 397
Add 547 1 288 209
Add 548 0 299 340
Add 549 1 221 289
Add 550 0 123 376
Add 551 1 274 208
Add 552 0 933 327
Add 553 1 87 263
Add 554 1 426 272
Add 555 1 831 297
Add 556 0 734 316
Add 557 1 59 289
Add 558 1 256 299
Add 559 0 934 397
Add 560 0 541 307
Add 561 1 673 261
Add 562 1 720 291
Add 563 0 778 358
Add 564 0 996 323
Add 565 1 710 255
Add 566 1 269 267
Add 567 1 771 199
Add 568 0 575 310
Add 569 0 805 357
Add 570 0 707 343
Add 571 0 534 302
Add 572 0 557 402
Add 573 1 863 246
Add 574 0 504 360
Add 575 0 959 355
Add 576 0 647 335
Add 577 0 814 337
Add 578 1 28 225
Add 579 0 160 359
Add 580 0 341 350
Add 581 1 226 260
Add 582 1 884 275
Add 583 0 458 320
Add 584 0 553 346
Add 585 1 423 262
Add 586 0 806 304
Add 587 1 208 212
Add 588 0 359 332
Add 589 0 994 374
Add 590 0 234 351
Add 591 1 339 267
Add 592 1 579 281
Add 593 1 669 282
Add 594 0 503 313
Add 595 1 371 190
Add 596 0 114 306
Add 597 0 927 315
Add 598 0 780 380
Add 599 1 693 261
Add 600 1 395 276
Add 601 1 434 274
Add 602 1 247 253
Add 603 0 694 335
Add 604 0 955 414
Add 605 0 171 376
Add 606 0 581 380
Add 607 0 229 317
Add 608 1 92 290
Add 609 1 289 270
Add 610 0 10 383
Add 611 0 932 376
Add 612 0 54 330
Add 613 0 973 373
Add 614 1 229 185
Add 615 0 273 340
Add 616 1 163 269
Add 617 1 190 213
Add 618 1 127 287
Add 619 1 522 281
Add 620 1 180 203
Add 621 1 995 244
Add 622 1 442 266
Add 623 1 513 233
Add 624 1 141 267
Add 625 1 760 293
Add 626 1 967 200
Add 627 0 986 349
Add 628 1 406 289
Add 629 0 600 312
Add 630 0 2 340
Add 631 0 456 304
Add 632 0 794 307
Add 633 0 112 301
Add 634 1 518 288
Add 635 0 322 334
Add 636 0 421 309
Add 637 0 860 325
Add 638 1 152 275
Add 639 0 906 334
Add 640 1 856 242
Add 641 0 743 361
Add 642 0 583 316
Add 643 0 740 306
Add 644 0 371 303
Add 645 1 700 271
Add 646 0 987 386
Add 647 0 556 310
Add 648 1 372 295
Add 649 0 769 330
Add 650 1 211 286
Add 651 0 834 332
Add 652 1 227 215
Add 653 0 672 313
Add 654 0 98 363
Add 655 0 290 313
Add 656 1 173 287
Add 657 1 391 230
Add 658 0 346 331
Add 659 1 330 297
Add 660 0 974 315
Add 661 1 843 299
Add 662 0 456 338
Add 663 0 204 365
Add 664 1 521 290
Add 665 1 428 295
Add 666 0 844 314
Add 667 0 278 307
Add 668 1 914 205
Add 669 0 538 381
Add 670 1 969 255
Add 671 1 530 285
Add 672 0 444 301
Add 673 1 932 268
Add 674 1 439 178
Add 675 1 415 274
Add 676 1 296 258
Add 677 1 947 259
Add 678 1 867 275
Add 679 1 595 245
Add 680 0 924 311
Add 681 0 979 301
Add 682 1 546 263
Add 683 0 590 324
Add 684 1 790 255
Add 685 1 911 288
Add 686 1 945 268
Add 687 0 444 305
Add 688 1 875 242
Add 689 0 816 307
Add 690 0 517 316
Add 691 1 366 258
Add 692 1 874 252
Add 693 1 119 299
Add 694 0 671 395
Add 695 0 757 359
Add 696 0 977 307
Add 697 0 926 304
Add 698 0 519 349
Add 699 1 239 275
Add 700 0 830 339
Add 701 0 955 348
Add 702 1 380 250
Add 703 0 591 310
Add 704 1 545 287
Add 705 1 570 265
Add 706 0 785 302
Add 707 1 98 217
Add 708 1 930 214
Add 709 1 229 208
Add 710 0 152 318
Add 711 1 613 298
Add 712 1 46 289
Add 713 1 391 292
Add 714 0 7 308
Add 715 1 784 285
Add 716 0 501 346
Add 717 0 208 316
Add 718 0 371 348
Add 719 1 898 255
Add 720 0 481 326
Add 721 1 720 285
Add 722 1 485 294
Add 723 0 389 399
Add 724 1 257 279
Add 725 1 627 232
Add 726 0 705 334
Add 727 0 803 366
Add 728 0 133 343
Add 729 1 25 277
Add 730 1 609 296
Add 731 0 372 331
Add 732 0 281 389
Add 733 1 334 276
Add 734 1 597 277
Add 735 0 13 357
Add 736 1 229 226
Add 737 1 270 226
Add 738 1 682 268
Add 739 0 71 377
Add 740 0 534 353
Add 741 1 902 290
Add 742 0 123 328
Add 743 0 302 330
Add 744 1 554 242
Add 745 0 236 401
Add 746 0 464 363
Add 747 0 871 327
Add 748 1 451 226
Add 749 0 468 361
Add 750 1 540 294
Add 751 1 616 280
Add 752 1 356 282
Add 753 1 65 285
Add 754 1 516 286
Add 755 0 235 315
Add 756 1 573 287
Add 757 1 454 230
Add 758 0 782 307
Add 759 1 914 294
Add 760 1 398 276
Add 761 0 507 367
Add 762 1 492 174
Add 763 0 732 347
Add 764 1 600 180
Add 765 1 841 274
Add 766 0 466 304
Add 767 0 507 343
Add 768 0 342 319
Add 769 1 256 203
Add 770 1 111 223
Add 771 0 917 301
Add 772 1 922 282
Add 773 1 67 288
Add 774 1 877 276
Add 775 0 838 343
Add 776 1 256 263
Add 777 1 487 277
Add 778 0 8 360
Add 779 0 988 356
Add 780 1 2 283
Add 781 0 415 321
Add 782 0 617 377
Add 783 0 669 333
Add 784 0 975 324
Add 785 1 271 252
Add 786 0 900 311
Add 787 0 675 388
Add 788 1 19 215
Add 789 0 184 359
Add 790 0 487 400
Add 791 1 228 158
Add 792 1 31 290
Add 793 1 442 243
Add 794 0 802 319
Add 795 0 348 370
Add 796 1 636 142
Add 797 1 250 281
Add 798 0 820 350
Add 799 0 298 349
Add 800 1 462 178
Add 801 1 328 184
Add 802 0 195 337
Add 803 0 136 406
Add 804 0 885 327
Add 805 1 716 276
Add 806 1 203 264
Add 807 1 103 273
Add 808 0 563 361
Add 809 0 496 373
Add 810 0 416 345
Add 811 0 154 370
Add 812 1 914 260
Add 813 0 21 347
Add 814 0 191 315
Add 815 0 625 333
Add 816 0 281 303
Add 817 0 28 357
Add 818 1 170 224
Add 819 0 997 329
Add 820 1 589 287
Add 821 0 475 314
Add 822 1 944 290
Add 823 0 467 300
Add 824 1 324 269
Add 825 0 53 359
Add 826 0 734 329
Add 827 1 988 244
Add 828 1 695 264
Add 829 0 183 345
Add 830 1 439 257
Add 831 0 549 371
Add 832 1 380 219
Add 833 0 840 310
Add 834 1 149 283
Add 835 1 29 171
Add 836 1 586 281
Add 837 1 786 245
Add 838 0 956 327
Add 839 1 491 292
Add 840 1 901 230
Add 841 1 98 268
Add 842 1 192 212
Add 843 0 349 355
Add 844 1 138 287
Add 845 0 793 324
Add 846 0 113 301
Add 847 0 895 352
Add 848 1 435 213
Add 849 1 881 270
Add 850 0 754 340
Add 851 1 55 212
Add 852 1 13 264
Add 853 1 405 243
Add 854 1 94 261
Add 855 0 211 311
Add 856 1 641 234
Add 857 1 410 283
Add 858 0 387 334
Add 859 1 398 293
Add 860 0 333 332
Add 861 0 209 309
Add 862 0 781 339
Add 863 1 26 266
Add 864 1 695 225
Add 865 0 988 324
Add 866 1 610 247
Add 867 0 799 344
Add 868 1 121 248
Add 869 0 567 350
Add 870 1 947 221
Add 871 1 941 278
Add 872 1 490 294
Add 873 1 287 281
Add 874 1 694 274
Add 875 1 864 201
Add 876 1 59 288
Add 877 1 826 298
Add 878 0 496 317
Add 879 0 576 341
Add 880 1 503 246
Add 881 0 802 330
Add 882 0 400 316
Add 883 1 590 270
Add 884 0 74 303
Add 885 1 106 229
Add 886 0 692 384
Add 887 0 997 362
Add 888 0 139 345
Add 889 1 406 283
Add 890 1 865 276
Add 891 1 548 262
Add 892 0 843 308
Add 893 1 819 299
Add 894 0 291 320
Add 895 1 274 183
Add 896 1 913 258
Add 897 0 57 317
Add 898 0 20 323
Add 899 1 549 288
Add 900 1 577 273
Add 901 1 21 274
Add 902 0 662 345
Add 903 1 180 271
Add 904 1 273 270
Add 905 1 344 246
Add 906 1 436 253
Add 907 0 60 370
Add 908 1 295 273
Add 909 1 476 242
Add 910 1 677 276
Add 911 1 984 269
Add 912 0 854 445
Add 913 1 286 294
Add 914 1 800 285
Add 915 1 651 243
Add 916 0 112 315
Add 917 1 667 268
Add 918 0 309 340
Add 919 0 228 424
Add 920 0 1 313
Add 921 0 525 300
Add 922 0 720 355
Add 923 0 261 418
Add 924 1 524 282
Add 925 0 813 338
Add 926 1 423 249
Add 927 0 188 358
Add 928 0 324 357
Add 929 0 183 318
Add 930 1 934 283
Add 931 1 730 254
Add 932 1 130 298
Add 933 1 556 273
Add 934 1 416 293
Add 935 0 761 380
Add 936 0 626 307
Add 937 0 914 312
Add 938 0 667 352
Add 939 1 117 244
Add 940 0 91 327
Add 941 0 911 305
Add 942 1 998 246
Add 943 0 102 352
Add 944 0 777 311
Add 945 0 168 301
Add 946 0 247 369
Add 947 0 999 346
Add 948 1 57 289
Add 949 0 335 307
Add 950 1 880 273
Add 951 1 611 210
Add 952 1 395 259
Add 953 0 241 313
Add 954 0 310 346
Add 955 0 529 330
Add 956 0 567 379
Add 957 0 599 321
Add 958 0 116 320
Add 959 0 485 336
Add 960 0 994 376
Add 961 1 924 268
Add 962 1 992 246
Add 963 1 887 231
Add 964 0 511 320
Add 965 0 619 330
Add 966 1 130 283
Add 967 1 398 240
Add 968 1 386 182
Add 969 1 880 262
Add 970 0 223 344
Add 971 0 627 309
Add 972 0 641 341
Add 973 1 242 262
Add 974 0 639 371
Add 975 0 212 328
Add 976 0 944 349
Add 977 1 246 279
Add 978 0 161 352
Add 979 0 601 318
Add 980 1 739 283
Add 981 1 650 282
Add 982 0 855 351
Add 983 1 411 225
Add 984 1 777 241
Add 985 0 909 350
Add 986 0 658 325
Add 987 0 769 343
Add 988 0 754 325
Add 989 1 667 257
Add 990 0 971 343
Add 991 1 313 280
Add 992 0 655 415
Add 993 0 932 340
Add 994 1 17 164
Add 995 1 954 216
Add 996 1 912 259
Add 997 0 957 359
Add 998 1 796 283
Add 999 1 789 299
Add 1000 0 165 317
